{
 "cells": [
  {
   "cell_type": "code",
   "execution_count": 82,
   "metadata": {},
   "outputs": [
    {
     "name": "stdout",
     "output_type": "stream",
     "text": [
      "Variance of Portfolio is 2.5700000000000003%, Portfolio Risk is 16.04%\n"
     ]
    }
   ],
   "source": [
    "## Lien pour le turorial \n",
    "## https://medium.com/python-data/assessing-the-riskiness-of-a-portfolio-with-python-6444c727c474\n",
    "\n",
    "# import python's number crunchers\n",
    "from pandas_datareader import data as web\n",
    "import pandas as pd\n",
    "import numpy as np\n",
    "\n",
    "assets =  ['AAPL', 'GM', 'GE', 'FB', 'WMT'] \n",
    "\n",
    "df = pd.DataFrame()  \n",
    "\n",
    "for stock in assets:\n",
    "    df[stock] = web.DataReader(stock, data_source='yahoo',\n",
    "                               start='2015-1-1' , end='2017-1-1')['Adj Close']\n",
    "\n",
    "d_returns = df.pct_change()  \n",
    "\n",
    "cov_matrix_d = d_returns.cov()\n",
    "cov_matrix_a = cov_matrix_d * 250\n",
    "\n",
    "weights = np.array([0.2, 0.2, 0.2, 0.2, 0.2])  # assign equal weights\n",
    "\n",
    "# calculate the variance and risk of the portfolo\n",
    "port_variance = np.dot(weights.T, np.dot(cov_matrix_a, weights))\n",
    "port_volatility = np.sqrt(np.dot(weights.T, np.dot(cov_matrix_a, weights)))\n",
    "\n",
    "percent_var = str(round(port_variance, 4) * 100) + '%'\n",
    "percent_vols = str(round(port_volatility, 4) * 100) + '%'\n",
    "\n",
    "print('Variance of Portfolio is {}, Portfolio Risk is {}'\n",
    "      .format(percent_var, percent_vols))\n",
    "\n"
   ]
  },
  {
   "cell_type": "code",
   "execution_count": 83,
   "metadata": {},
   "outputs": [
    {
     "data": {
      "text/html": [
       "<div>\n",
       "<style scoped>\n",
       "    .dataframe tbody tr th:only-of-type {\n",
       "        vertical-align: middle;\n",
       "    }\n",
       "\n",
       "    .dataframe tbody tr th {\n",
       "        vertical-align: top;\n",
       "    }\n",
       "\n",
       "    .dataframe thead th {\n",
       "        text-align: right;\n",
       "    }\n",
       "</style>\n",
       "<table border=\"1\" class=\"dataframe\">\n",
       "  <thead>\n",
       "    <tr style=\"text-align: right;\">\n",
       "      <th></th>\n",
       "      <th>AAPL</th>\n",
       "      <th>GM</th>\n",
       "      <th>GE</th>\n",
       "      <th>FB</th>\n",
       "      <th>WMT</th>\n",
       "    </tr>\n",
       "  </thead>\n",
       "  <tbody>\n",
       "    <tr>\n",
       "      <th>AAPL</th>\n",
       "      <td>0.062449</td>\n",
       "      <td>0.022449</td>\n",
       "      <td>0.019094</td>\n",
       "      <td>0.030312</td>\n",
       "      <td>0.012588</td>\n",
       "    </tr>\n",
       "    <tr>\n",
       "      <th>GM</th>\n",
       "      <td>0.022449</td>\n",
       "      <td>0.062172</td>\n",
       "      <td>0.024010</td>\n",
       "      <td>0.019870</td>\n",
       "      <td>0.012027</td>\n",
       "    </tr>\n",
       "    <tr>\n",
       "      <th>GE</th>\n",
       "      <td>0.019094</td>\n",
       "      <td>0.024010</td>\n",
       "      <td>0.039146</td>\n",
       "      <td>0.019633</td>\n",
       "      <td>0.012638</td>\n",
       "    </tr>\n",
       "    <tr>\n",
       "      <th>FB</th>\n",
       "      <td>0.030312</td>\n",
       "      <td>0.019870</td>\n",
       "      <td>0.019633</td>\n",
       "      <td>0.072642</td>\n",
       "      <td>0.010714</td>\n",
       "    </tr>\n",
       "    <tr>\n",
       "      <th>WMT</th>\n",
       "      <td>0.012588</td>\n",
       "      <td>0.012027</td>\n",
       "      <td>0.012638</td>\n",
       "      <td>0.010714</td>\n",
       "      <td>0.039801</td>\n",
       "    </tr>\n",
       "  </tbody>\n",
       "</table>\n",
       "</div>"
      ],
      "text/plain": [
       "          AAPL        GM        GE        FB       WMT\n",
       "AAPL  0.062449  0.022449  0.019094  0.030312  0.012588\n",
       "GM    0.022449  0.062172  0.024010  0.019870  0.012027\n",
       "GE    0.019094  0.024010  0.039146  0.019633  0.012638\n",
       "FB    0.030312  0.019870  0.019633  0.072642  0.010714\n",
       "WMT   0.012588  0.012027  0.012638  0.010714  0.039801"
      ]
     },
     "execution_count": 83,
     "metadata": {},
     "output_type": "execute_result"
    }
   ],
   "source": [
    "cov_matrix_a"
   ]
  },
  {
   "cell_type": "code",
   "execution_count": 84,
   "metadata": {},
   "outputs": [
    {
     "data": {
      "text/html": [
       "<div>\n",
       "<style scoped>\n",
       "    .dataframe tbody tr th:only-of-type {\n",
       "        vertical-align: middle;\n",
       "    }\n",
       "\n",
       "    .dataframe tbody tr th {\n",
       "        vertical-align: top;\n",
       "    }\n",
       "\n",
       "    .dataframe thead th {\n",
       "        text-align: right;\n",
       "    }\n",
       "</style>\n",
       "<table border=\"1\" class=\"dataframe\">\n",
       "  <thead>\n",
       "    <tr style=\"text-align: right;\">\n",
       "      <th></th>\n",
       "      <th>AAPL</th>\n",
       "      <th>GM</th>\n",
       "      <th>GE</th>\n",
       "      <th>FB</th>\n",
       "      <th>WMT</th>\n",
       "    </tr>\n",
       "  </thead>\n",
       "  <tbody>\n",
       "    <tr>\n",
       "      <th>AAPL</th>\n",
       "      <td>0.000250</td>\n",
       "      <td>0.000090</td>\n",
       "      <td>0.000076</td>\n",
       "      <td>0.000121</td>\n",
       "      <td>0.000050</td>\n",
       "    </tr>\n",
       "    <tr>\n",
       "      <th>GM</th>\n",
       "      <td>0.000090</td>\n",
       "      <td>0.000249</td>\n",
       "      <td>0.000096</td>\n",
       "      <td>0.000079</td>\n",
       "      <td>0.000048</td>\n",
       "    </tr>\n",
       "    <tr>\n",
       "      <th>GE</th>\n",
       "      <td>0.000076</td>\n",
       "      <td>0.000096</td>\n",
       "      <td>0.000157</td>\n",
       "      <td>0.000079</td>\n",
       "      <td>0.000051</td>\n",
       "    </tr>\n",
       "    <tr>\n",
       "      <th>FB</th>\n",
       "      <td>0.000121</td>\n",
       "      <td>0.000079</td>\n",
       "      <td>0.000079</td>\n",
       "      <td>0.000291</td>\n",
       "      <td>0.000043</td>\n",
       "    </tr>\n",
       "    <tr>\n",
       "      <th>WMT</th>\n",
       "      <td>0.000050</td>\n",
       "      <td>0.000048</td>\n",
       "      <td>0.000051</td>\n",
       "      <td>0.000043</td>\n",
       "      <td>0.000159</td>\n",
       "    </tr>\n",
       "  </tbody>\n",
       "</table>\n",
       "</div>"
      ],
      "text/plain": [
       "          AAPL        GM        GE        FB       WMT\n",
       "AAPL  0.000250  0.000090  0.000076  0.000121  0.000050\n",
       "GM    0.000090  0.000249  0.000096  0.000079  0.000048\n",
       "GE    0.000076  0.000096  0.000157  0.000079  0.000051\n",
       "FB    0.000121  0.000079  0.000079  0.000291  0.000043\n",
       "WMT   0.000050  0.000048  0.000051  0.000043  0.000159"
      ]
     },
     "execution_count": 84,
     "metadata": {},
     "output_type": "execute_result"
    }
   ],
   "source": [
    "cov_matrix_d"
   ]
  },
  {
   "cell_type": "code",
   "execution_count": null,
   "metadata": {},
   "outputs": [],
   "source": []
  }
 ],
 "metadata": {
  "kernelspec": {
   "display_name": "Python [conda env:anaconda]",
   "language": "python",
   "name": "conda-env-anaconda-py"
  },
  "language_info": {
   "codemirror_mode": {
    "name": "ipython",
    "version": 3
   },
   "file_extension": ".py",
   "mimetype": "text/x-python",
   "name": "python",
   "nbconvert_exporter": "python",
   "pygments_lexer": "ipython3",
   "version": "3.5.6"
  }
 },
 "nbformat": 4,
 "nbformat_minor": 2
}
